[
  {
    "n": 3,
    "k": 2,
    "a": 0.003,
    "eta": 0.0023687244334425614,
    "defect": 0.0016109087484329834,
    "ratio_sqrt": 0.03309890833459575,
    "ratio_linear": 0.6800743580340352,
    "rank": 2,
    "eig_cond": 2.2422391976761866,
    "trial": 0,
    "seed": 20260602,
    "p0_weights": [
      [
        0.546961758879,
        0.453038241121
      ]
    ],
    "stochastic_s": [
      [
        0.279350721049,
        0.061174487947,
        0.659474791004
      ],
      [
        0.074908959964,
        0.794804811626,
        0.13028622841
      ],
      [
        0.330040739528,
        0.64536670486,
        0.024592555611
      ]
    ],
    "p_matrix": [
      [
        0.998918653361,
        -0.000896449455,
        0.001977796095
      ],
      [
        -0.000213066167,
        0.999823365568,
        0.000389700599
      ],
      [
        0.546055444554,
        0.452686574374,
        0.001257981072
      ]
    ],
    "r": [
      1.0,
      -0.99152984984,
      0.097325627237
    ],
    "s": [
      1.0,
      -0.829141100198,
      0.170929426215
    ]
  },
  {
    "n": 3,
    "k": 2,
    "a": 0.003,
    "eta": 0.002853873671453058,
    "defect": 0.0010472574102327146,
    "ratio_sqrt": 0.019603610706919548,
    "ratio_linear": 0.3669599746857402,
    "rank": 2,
    "eig_cond": 2.200281637582416,
    "trial": 1,
    "seed": 20260602,
    "p0_weights": [
      [
        0.546961758879,
        0.453038241121
      ]
    ],
    "stochastic_s": [
      [
        0.219879257207,
        0.224931830823,
        0.55518891197
      ],
      [
        0.07263820559,
        0.674314877724,
        0.253046916685
      ],
      [
        0.168243330294,
        0.415913178204,
        0.415843491502
      ]
    ],
    "p_matrix": [
      [
        0.999088226625,
        -0.000755079195,
        0.00166685257
      ],
      [
        -0.000414934612,
        0.999656374597,
        0.000758560015
      ],
      [
        0.546316304053,
        0.452428297169,
        0.001255398777
      ]
    ],
    "r": [
      -0.885335124455,
      1.0,
      -0.031283989754
    ],
    "s": [
      1.0,
      -0.697414538888,
      0.231076324739
    ]
  },
  {
    "n": 3,
    "k": 2,
    "a": 0.003,
    "eta": 0.0037259824287143232,
    "defect": 0.00024871417604635943,
    "ratio_sqrt": 0.004074554567490885,
    "ratio_linear": 0.06675130138286241,
    "rank": 2,
    "eig_cond": 2.0393676915171106,
    "trial": 2,
    "seed": 20260602,
    "p0_weights": [
      [
        0.546961758879,
        0.453038241121
      ]
    ],
    "stochastic_s": [
      [
        0.581869076938,
        0.343321081653,
        0.074809841409
      ],
      [
        0.556429637198,
        0.322093392988,
        0.121476969815
      ],
      [
        0.362659538273,
        0.244627379361,
        0.392713082365
      ]
    ],
    "p_matrix": [
      [
        0.999877253996,
        -0.000101724304,
        0.000224470308
      ],
      [
        -0.000199601285,
        0.999834582788,
        0.000365018496
      ],
      [
        0.546667550077,
        0.453044286707,
        0.000288163216
      ]
    ],
    "r": [
      -0.824312820677,
      1.0,
      0.00241991386
    ],
    "s": [
      0.82610241132,
      -1.0,
      -0.001441320733
    ]
  },
  {
    "n": 3,
    "k": 2,
    "a": 0.003,
    "eta": 0.003619548015350955,
    "defect": 0.0006095105631959728,
    "ratio_sqrt": 0.010131040827269577,
    "ratio_linear": 0.16839410904647828,
    "rank": 2,
    "eig_cond": 2.057495381179309,
    "trial": 3,
    "seed": 20260602,
    "p0_weights": [
      [
        0.546961758879,
        0.453038241121
      ]
    ],
    "stochastic_s": [
      [
        0.64328204285,
        0.345012303178,
        0.011705653972
      ],
      [
        0.422285858234,
        0.24364861853,
        0.334065523236
      ],
      [
        0.208882850588,
        0.581238208233,
        0.209878941179
      ]
    ],
    "p_matrix": [
      [
        0.999981378447,
        -1.5481252e-05,
        3.4102806e-05
      ],
      [
        -0.000548287229,
        0.999544174821,
        0.001004112408
      ],
      [
        0.545782615325,
        0.453742937943,
        0.000474446732
      ]
    ],
    "r": [
      -0.665993197969,
      1.0,
      0.090298270286
    ],
    "s": [
      0.88656821854,
      -1.0,
      0.030144885178
    ]
  },
  {
    "n": 3,
    "k": 2,
    "a": 0.003,
    "eta": 0.004425927444427459,
    "defect": 0.0006447746718594874,
    "ratio_sqrt": 0.009691830809500887,
    "ratio_linear": 0.14568125663047238,
    "rank": 2,
    "eig_cond": 2.364603632215147,
    "trial": 4,
    "seed": 20260602,
    "p0_weights": [
      [
        0.546961758879,
        0.453038241121
      ]
    ],
    "stochastic_s": [
      [
        0.209990161574,
        0.697911765222,
        0.092098073205
      ],
      [
        0.08915899706,
        0.642286207789,
        0.268554795151
      ],
      [
        0.265082073099,
        0.320071155571,
        0.414846771331
      ]
    ],
    "p_matrix": [
      [
        0.999849211509,
        -0.000124527554,
        0.000275316046
      ],
      [
        -0.000441784433,
        0.999635155611,
        0.000806628822
      ],
      [
        0.547409939297,
        0.452074427823,
        0.00051563288
      ]
    ],
    "r": [
      -0.87602482277,
      1.0,
      -0.027484439112
    ],
    "s": [
      1.0,
      -0.92400735386,
      0.129756750343
    ]
  },
  {
    "n": 3,
    "k": 2,
    "a": 0.003,
    "eta": 0.002524392294650831,
    "defect": 0.001805662219910878,
    "ratio_sqrt": 0.03593834623328735,
    "ratio_linear": 0.7152859021702226,
    "rank": 2,
    "eig_cond": 2.0380740174646927,
    "trial": 5,
    "seed": 20260602,
    "p0_weights": [
      [
        0.546961758879,
        0.453038241121
      ]
    ],
    "stochastic_s": [
      [
        0.724798969608,
        0.236882613551,
        0.038318416841
      ],
      [
        0.020456777373,
        0.247705314627,
        0.731837908
      ],
      [
        0.570181889156,
        0.1783636378,
        0.251454473044
      ]
    ],
    "p_matrix": [
      [
        0.999937974859,
        -5.130627e-05,
        0.000113331411
      ],
      [
        -0.001202659349,
        0.99900517814,
        0.002197481209
      ],
      [
        0.546711533707,
        0.452231619292,
        0.001056847001
      ]
    ],
    "r": [
      0.900358988599,
      -1.0,
      0.040047348172
    ],
    "s": [
      1.0,
      -0.925149452386,
      0.128465467111
    ]
  },
  {
    "n": 3,
    "k": 2,
    "a": 0.003,
    "eta": 0.0036406550274601934,
    "defect": 0.000744680016597352,
    "ratio_sqrt": 0.01234184066300212,
    "ratio_linear": 0.20454561362735274,
    "rank": 2,
    "eig_cond": 2.1508790677864944,
    "trial": 6,
    "seed": 20260602,
    "p0_weights": [
      [
        0.546961758879,
        0.453038241121
      ]
    ],
    "stochastic_s": [
      [
        0.363463104369,
        0.584739166132,
        0.051797729499
      ],
      [
        0.146148113263,
        0.569248462836,
        0.284603423901
      ],
      [
        0.275181842067,
        0.386693870069,
        0.338124287863
      ]
    ],
    "p_matrix": [
      [
        0.999915608743,
        -6.9807138e-05,
        0.000154198395
      ],
      [
        -0.000467883224,
        0.999612974256,
        0.000854908968
      ],
      [
        0.547032108941,
        0.452496474059,
        0.000471417001
      ]
    ],
    "r": [
      1.0,
      -0.998363033015,
      0.095321292749
    ],
    "s": [
      0.885089888534,
      -1.0,
      0.03169105397
    ]
  },
  {
    "n": 3,
    "k": 2,
    "a": 0.003,
    "eta": 0.004432634695553122,
    "defect": 0.0009457891987287572,
    "ratio_sqrt": 0.014205724214397537,
    "ratio_linear": 0.21336953385253823,
    "rank": 2,
    "eig_cond": 2.0445837848927852,
    "trial": 7,
    "seed": 20260602,
    "p0_weights": [
      [
        0.546961758879,
        0.453038241121
      ]
    ],
    "stochastic_s": [
      [
        0.240678781354,
        0.173772722004,
        0.585548496642
      ],
      [
        0.578046867143,
        0.123149719509,
        0.298803413347
      ],
      [
        0.329026085251,
        0.565166402734,
        0.105807512015
      ]
    ],
    "p_matrix": [
      [
        0.999040918595,
        -0.000796859434,
        0.001755940839
      ],
      [
        -0.00048805305,
        0.99959449774,
        0.00089355531
      ],
      [
        0.545446997452,
        0.453188418883,
        0.001364583665
      ]
    ],
    "r": [
      1.0,
      -0.619848736243,
      0.264900207223
    ],
    "s": [
      -0.828781500816,
      1.0,
      0.00113358459
    ]
  },
  {
    "n": 3,
    "k": 2,
    "a": 0.003,
    "eta": 0.0030919718180929885,
    "defect": 0.0013903537521483293,
    "ratio_sqrt": 0.025003888282904597,
    "ratio_linear": 0.44966572593337767,
    "rank": 2,
    "eig_cond": 2.0412400043478964,
    "trial": 8,
    "seed": 20260602,
    "p0_weights": [
      [
        0.546961758879,
        0.453038241121
      ]
    ],
    "stochastic_s": [
      [
        0.374196825776,
        0.046355083504,
        0.579448090721
      ],
      [
        0.450667215617,
        0.429312452327,
        0.120020332056
      ],
      [
        0.209842724399,
        0.301358968114,
        0.488798307487
      ]
    ],
    "p_matrix": [
      [
        0.999048860501,
        -0.000789100837,
        0.001740240336
      ],
      [
        -0.000195692695,
        0.999837646035,
        0.00035804666
      ],
      [
        0.545947816232,
        0.452938690303,
        0.001113493464
      ]
    ],
    "r": [
      -0.941100819421,
      1.0,
      -0.06092108214
    ],
    "s": [
      -0.85847837657,
      1.0,
      -0.015763256951
    ]
  },
  {
    "n": 3,
    "k": 2,
    "a": 0.003,
    "eta": 0.004854365892292502,
    "defect": 0.000824417789066459,
    "ratio_sqrt": 0.011832624983688199,
    "ratio_linear": 0.16983017089326222,
    "rank": 2,
    "eig_cond": 2.0230729745342337,
    "trial": 9,
    "seed": 20260602,
    "p0_weights": [
      [
        0.546961758879,
        0.453038241121
      ]
    ],
    "stochastic_s": [
      [
        0.095423265326,
        0.735302019336,
        0.169274715339
      ],
      [
        0.326858975961,
        0.251196797069,
        0.42194422697
      ],
      [
        0.060886384913,
        0.881236643402,
        0.057876971685
      ]
    ],
    "p_matrix": [
      [
        0.999723840977,
        -0.000229469059,
        0.000505628082
      ],
      [
        -0.000691585703,
        0.999425340085,
        0.001266245618
      ],
      [
        0.545705571829,
        0.453443609233,
        0.000850818938
      ]
    ],
    "r": [
      -1.0,
      0.857301618633,
      -0.157101296433
    ],
    "s": [
      0.753096643474,
      -1.0,
      -0.042510743709
    ]
  },
  {
    "n": 3,
    "k": 2,
    "a": 0.003,
    "eta": 0.00468225898471506,
    "defect": 0.0018659709498538692,
    "ratio_sqrt": 0.027269499205829537,
    "ratio_linear": 0.3985193804839104,
    "rank": 2,
    "eig_cond": 2.0968218399032272,
    "trial": 10,
    "seed": 20260602,
    "p0_weights": [
      [
        0.546961758879,
        0.453038241121
      ]
    ],
    "stochastic_s": [
      [
        0.237929241129,
        0.11941326576,
        0.642657493111
      ],
      [
        0.525354368942,
        0.00286476766,
        0.471780863399
      ],
      [
        0.154126734563,
        0.349122398133,
        0.496750867304
      ]
    ],
    "p_matrix": [
      [
        0.9989468018,
        -0.00087501311,
        0.00192821131
      ],
      [
        -0.000772248495,
        0.999358404186,
        0.001413844309
      ],
      [
        0.545279057732,
        0.453026148253,
        0.001694794014
      ]
    ],
    "r": [
      -0.988230279746,
      1.0,
      -0.085980847335
    ],
    "s": [
      -0.997609554499,
      1.0,
      -0.091103851871
    ]
  },
  {
    "n": 3,
    "k": 2,
    "a": 0.003,
    "eta": 0.0035675726956319416,
    "defect": 0.0005934407037323253,
    "ratio_sqrt": 0.00993552716927548,
    "ratio_linear": 0.1663429884579286,
    "rank": 2,
    "eig_cond": 2.141124417127216,
    "trial": 11,
    "seed": 20260602,
    "p0_weights": [
      [
        0.546961758879,
        0.453038241121
      ]
    ],
    "stochastic_s": [
      [
        0.591145868816,
        0.186007864304,
        0.22284626688
      ],
      [
        0.56724887596,
        0.380160628736,
        0.052590495303
      ],
      [
        0.20199672983,
        0.13153341219,
        0.66646985798
      ]
    ],
    "p_matrix": [
      [
        0.999633709387,
        -0.000303736721,
        0.000670027334
      ],
      [
        -8.588335e-05,
        0.999928783523,
        0.000157099828
      ],
      [
        0.546440928449,
        0.453121564461,
        0.00043750709
      ]
    ],
    "r": [
      1.0,
      -0.980211107416,
      0.102330908453
    ],
    "s": [
      -1.0,
      0.917950505513,
      -0.130554877978
    ]
  },
  {
    "n": 3,
    "k": 2,
    "a": 0.003,
    "eta": 0.000652336895200588,
    "defect": 0.00031268046897046584,
    "ratio_sqrt": 0.012242349774969363,
    "ratio_linear": 0.4793235999235016,
    "rank": 2,
    "eig_cond": 1.951448876249799,
    "trial": 12,
    "seed": 20260602,
    "p0_weights": [
      [
        0.546961758879,
        0.453038241121
      ]
    ],
    "stochastic_s": [
      [
        0.820019286456,
        0.009482642191,
        0.170498071353
      ],
      [
        0.020530173996,
        0.818017266671,
        0.161452559333
      ],
      [
        0.35404556434,
        0.536438441071,
        0.109515994588
      ]
    ],
    "p_matrix": [
      [
        0.999720483128,
        -0.000231897143,
        0.000511414014
      ],
      [
        -0.000264679037,
        0.999780412853,
        0.000484266183
      ],
      [
        0.546284137643,
        0.453216758339,
        0.000499104018
      ]
    ],
    "r": [
      -1.0,
      0.650418187813,
      -0.251629304195
    ],
    "s": [
      0.912130904857,
      -1.0,
      0.045088390236
    ]
  },
  {
    "n": 3,
    "k": 2,
    "a": 0.003,
    "eta": 0.0020485500676818372,
    "defect": 0.0007499830743404453,
    "ratio_sqrt": 0.016570216047289487,
    "ratio_linear": 0.3661043418817363,
    "rank": 2,
    "eig_cond": 1.9352598314251797,
    "trial": 13,
    "seed": 20260602,
    "p0_weights": [
      [
        0.546961758879,
        0.453038241121
      ]
    ],
    "stochastic_s": [
      [
        0.505254952391,
        0.212765529854,
        0.281979517755
      ],
      [
        0.114643617674,
        0.469378684195,
        0.415977698131
      ],
      [
        0.234569458933,
        0.546869693737,
        0.21856084733
      ]
    ],
    "p_matrix": [
      [
        0.999538111764,
        -0.000383323909,
        0.000845212145
      ],
      [
        -0.000681937288,
        0.99943405602,
        0.001247881268
      ],
      [
        0.545914413729,
        0.453057754055,
        0.001027832216
      ]
    ],
    "r": [
      -1.0,
      0.682035647637,
      -0.237156632252
    ],
    "s": [
      0.860407315645,
      -1.0,
      0.016668133279
    ]
  },
  {
    "n": 3,
    "k": 2,
    "a": 0.003,
    "eta": 0.0032666829949707776,
    "defect": 0.0020188562783367654,
    "ratio_sqrt": 0.03532253847766415,
    "ratio_linear": 0.6180141389430489,
    "rank": 2,
    "eig_cond": 2.0398318779952627,
    "trial": 14,
    "seed": 20260602,
    "p0_weights": [
      [
        0.546961758879,
        0.453038241121
      ]
    ],
    "stochastic_s": [
      [
        0.36242027313,
        0.065792589208,
        0.571787137663
      ],
      [
        0.0212078628,
        0.019475070571,
        0.959317066629
      ],
      [
        0.071798235469,
        0.139728807685,
        0.788472956846
      ]
    ],
    "p_matrix": [
      [
        0.999062854967,
        -0.000777290456,
        0.001714435488
      ],
      [
        -0.0015743828,
        0.998694169331,
        0.002880213469
      ],
      [
        0.545394122609,
        0.45236290169,
        0.002242975701
      ]
    ],
    "r": [
      1.0,
      -0.877106925766,
      0.148957596847
    ],
    "s": [
      -0.801161017972,
      1.0,
      0.015449043053
    ]
  },
  {
    "n": 3,
    "k": 2,
    "a": 0.003,
    "eta": 0.003595059885586413,
    "defect": 0.00021891638356812322,
    "ratio_sqrt": 0.0036511123796003644,
    "ratio_linear": 0.0608936681265921,
    "rank": 2,
    "eig_cond": 2.0944214208592054,
    "trial": 15,
    "seed": 20260602,
    "p0_weights": [
      [
        0.546961758879,
        0.453038241121
      ]
    ],
    "stochastic_s": [
      [
        0.352077731785,
        0.561874587046,
        0.086047681169
      ],
      [
        0.27051428711,
        0.598470808931,
        0.13101490396
      ],
      [
        0.413061076622,
        0.250488516594,
        0.336450406785
      ]
    ],
    "p_matrix": [
      [
        0.999858667815,
        -0.000116744974,
        0.000258077159
      ],
      [
        -0.000215470031,
        0.999822014758,
        0.000393455273
      ],
      [
        0.547460518399,
        0.452220164174,
        0.000319317427
      ]
    ],
    "r": [
      -1.0,
      0.553930463553,
      -0.297056848659
    ],
    "s": [
      1.0,
      -0.937907247627,
      0.123359339684
    ]
  },
  {
    "n": 3,
    "k": 2,
    "a": 0.003,
    "eta": 0.0043833523403525925,
    "defect": 0.00025790073057205563,
    "ratio_sqrt": 0.0038953759782212024,
    "ratio_linear": 0.05883641344499136,
    "rank": 2,
    "eig_cond": 1.9652813335905048,
    "trial": 16,
    "seed": 20260602,
    "p0_weights": [
      [
        0.546961758879,
        0.453038241121
      ]
    ],
    "stochastic_s": [
      [
        0.204024232615,
        0.681941832419,
        0.114033934966
      ],
      [
        0.570218317817,
        0.340205913904,
        0.089575768279
      ],
      [
        0.499337673456,
        0.258384876284,
        0.24227745026
      ]
    ],
    "p_matrix": [
      [
        0.999812504245,
        -0.000154911345,
        0.0003424071
      ],
      [
        -0.000147136583,
        0.999878433909,
        0.000268702674
      ],
      [
        0.547412151306,
        0.452278786848,
        0.000309061846
      ]
    ],
    "r": [
      -1.0,
      0.967598765264,
      -0.109821697294
    ],
    "s": [
      -0.780693209628,
      1.0,
      0.024925540989
    ]
  },
  {
    "n": 3,
    "k": 2,
    "a": 0.003,
    "eta": 0.004910186651530672,
    "defect": 0.0011710921672785605,
    "ratio_sqrt": 0.016712525218094278,
    "ratio_linear": 0.23850257645775874,
    "rank": 2,
    "eig_cond": 2.2045892383793393,
    "trial": 17,
    "seed": 20260602,
    "p0_weights": [
      [
        0.546961758879,
        0.453038241121
      ]
    ],
    "stochastic_s": [
      [
        0.323490674323,
        0.070002919058,
        0.606506406619
      ],
      [
        0.770976732695,
        0.13791256316,
        0.091110704145
      ],
      [
        0.139051264686,
        0.653767139375,
        0.207181595939
      ]
    ],
    "p_matrix": [
      [
        0.999007023424,
        -0.000827249271,
        0.001820225847
      ],
      [
        -0.000146953457,
        0.999877573003,
        0.000269380454
      ],
      [
        0.544915351214,
        0.453969245213,
        0.001115403573
      ]
    ],
    "r": [
      0.739981662459,
      -1.0,
      -0.050798538594
    ],
    "s": [
      -0.859741960476,
      1.0,
      -0.014533557915
    ]
  },
  {
    "n": 3,
    "k": 2,
    "a": 0.003,
    "eta": 0.003537352478414101,
    "defect": 0.0007889270685807144,
    "ratio_sqrt": 0.013264707832193487,
    "ratio_linear": 0.22302755334532384,
    "rank": 2,
    "eig_cond": 2.7531466535727502,
    "trial": 18,
    "seed": 20260602,
    "p0_weights": [
      [
        0.546961758879,
        0.453038241121
      ]
    ],
    "stochastic_s": [
      [
        0.846654114483,
        0.019932521493,
        0.133413364024
      ],
      [
        0.400789541252,
        0.251615068721,
        0.347595390027
      ],
      [
        0.185004977165,
        0.115456570264,
        0.699538452571
      ]
    ],
    "p_matrix": [
      [
        0.999781105719,
        -0.000181753856,
        0.000400648136
      ],
      [
        -0.000571154458,
        0.99952575497,
        0.001045399487
      ],
      [
        0.54597173129,
        0.4533351294,
        0.000693139311
      ]
    ],
    "r": [
      -1.0,
      0.978248397168,
      -0.102568461808
    ],
    "s": [
      -1.0,
      0.772061244837,
      -0.196105175163
    ]
  },
  {
    "n": 3,
    "k": 2,
    "a": 0.003,
    "eta": 0.005171286135133241,
    "defect": 0.0007378482302888809,
    "ratio_sqrt": 0.010260481830858747,
    "ratio_linear": 0.14268176446010367,
    "rank": 2,
    "eig_cond": 2.0994961735635167,
    "trial": 19,
    "seed": 20260602,
    "p0_weights": [
      [
        0.546961758879,
        0.453038241121
      ]
    ],
    "stochastic_s": [
      [
        0.120090309732,
        0.852539974105,
        0.027369716162
      ],
      [
        0.300246178407,
        0.361640580477,
        0.338113241116
      ],
      [
        0.15529841863,
        0.682590160794,
        0.162111420576
      ]
    ],
    "p_matrix": [
      [
        0.999956430608,
        -3.6109529e-05,
        7.9678921e-05
      ],
      [
        -0.000555387914,
        0.999539704475,
        0.00101568344
      ],
      [
        0.546536501541,
        0.452959633542,
        0.000503864917
      ]
    ],
    "r": [
      0.902452274573,
      -1.0,
      0.040283772991
    ],
    "s": [
      0.807891856665,
      -1.0,
      -0.011423000226
    ]
  },
  {
    "n": 3,
    "k": 2,
    "a": 0.003,
    "eta": 0.003953747370773282,
    "defect": 0.0006571545862399836,
    "ratio_sqrt": 0.010451126034221464,
    "ratio_linear": 0.16621056547461097,
    "rank": 2,
    "eig_cond": 2.511608033615451,
    "trial": 20,
    "seed": 20260602,
    "p0_weights": [
      [
        0.546961758879,
        0.453038241121
      ]
    ],
    "stochastic_s": [
      [
        0.8195868314,
        0.131571749039,
        0.048841419561
      ],
      [
        0.515651509151,
        0.218868228695,
        0.265480262154
      ],
      [
        0.027527211845,
        0.806881648962,
        0.165591139193
      ]
    ],
    "p_matrix": [
      [
        0.999920300203,
        -6.6531829e-05,
        0.000146231627
      ],
      [
        -0.000434806821,
        0.999637031784,
        0.000797775037
      ],
      [
        0.544783085153,
        0.454774246833,
        0.000442668013
      ]
    ],
    "r": [
      0.999659112001,
      -1.0,
      0.089862907739
    ],
    "s": [
      1.0,
      -0.830427623515,
      0.167200002213
    ]
  },
  {
    "n": 3,
    "k": 2,
    "a": 0.003,
    "eta": 0.004586183094456426,
    "defect": 0.00048525180087908876,
    "ratio_sqrt": 0.007165416860112304,
    "ratio_linear": 0.10580733278303685,
    "rank": 2,
    "eig_cond": 2.324244962585542,
    "trial": 21,
    "seed": 20260602,
    "p0_weights": [
      [
        0.546961758879,
        0.453038241121
      ]
    ],
    "stochastic_s": [
      [
        0.702159740683,
        0.222997120973,
        0.074843138344
      ],
      [
        0.653374151951,
        0.139683727682,
        0.206942120367
      ],
      [
        0.660358374427,
        0.166357487768,
        0.173284137805
      ]
    ],
    "p_matrix": [
      [
        0.999877343435,
        -0.000101592409,
        0.000224248974
      ],
      [
        -0.000340110371,
        0.999718297738,
        0.000621812633
      ],
      [
        0.546744833131,
        0.452850808042,
        0.000404358827
      ]
    ],
    "r": [
      -0.896098108322,
      1.0,
      -0.037101204861
    ],
    "s": [
      -1.0,
      0.880366361206,
      -0.148130112805
    ]
  },
  {
    "n": 3,
    "k": 2,
    "a": 0.003,
    "eta": 0.003296360616814924,
    "defect": 0.0017755095150771378,
    "ratio_sqrt": 0.03092471071172473,
    "ratio_linear": 0.5386272078425407,
    "rank": 2,
    "eig_cond": 1.9553890833040055,
    "trial": 22,
    "seed": 20260602,
    "p0_weights": [
      [
        0.546961758879,
        0.453038241121
      ]
    ],
    "stochastic_s": [
      [
        0.218109348999,
        0.359274904451,
        0.422615746551
      ],
      [
        0.03546880151,
        0.161600570631,
        0.802930627859
      ],
      [
        0.129146976136,
        0.174601160098,
        0.696251863766
      ]
    ],
    "p_matrix": [
      [
        0.999307172216,
        -0.000573513402,
        0.001266341186
      ],
      [
        -0.001319167211,
        0.998908011351,
        0.00241115586
      ],
      [
        0.546133396784,
        0.452081786784,
        0.001784816432
      ]
    ],
    "r": [
      -1.0,
      0.833617690907,
      -0.169572677685
    ],
    "s": [
      -1.0,
      0.889837415609,
      -0.14411132024
    ]
  },
  {
    "n": 3,
    "k": 2,
    "a": 0.003,
    "eta": 0.0032357409346598903,
    "defect": 0.0021383805064726855,
    "ratio_sqrt": 0.0375922322513293,
    "ratio_linear": 0.66086270491165,
    "rank": 2,
    "eig_cond": 2.096028034716739,
    "trial": 23,
    "seed": 20260602,
    "p0_weights": [
      [
        0.546961758879,
        0.453038241121
      ]
    ],
    "stochastic_s": [
      [
        0.029732978753,
        0.184144312214,
        0.786122709033
      ],
      [
        0.200105525207,
        0.61061780462,
        0.189276670173
      ],
      [
        0.349403027622,
        0.3484358973,
        0.302161075078
      ]
    ],
    "p_matrix": [
      [
        0.998708409765,
        -0.001068170507,
        0.002359760741
      ],
      [
        -0.00030970254,
        0.999743869913,
        0.000565832627
      ],
      [
        0.546492358938,
        0.451959920741,
        0.001547720322
      ]
    ],
    "r": [
      1.0,
      -0.97256470769,
      0.107097848251
    ],
    "s": [
      0.948533334216,
      -1.0,
      0.066509236302
    ]
  },
  {
    "n": 3,
    "k": 2,
    "a": 0.003,
    "eta": 0.0028579922612535697,
    "defect": 0.000759522783974503,
    "ratio_sqrt": 0.014207258484184084,
    "ratio_linear": 0.26575396801157253,
    "rank": 2,
    "eig_cond": 1.9351019068679134,
    "trial": 24,
    "seed": 20260602,
    "p0_weights": [
      [
        0.546961758879,
        0.453038241121
      ]
    ],
    "stochastic_s": [
      [
        0.377899248667,
        0.261640744291,
        0.360460007042
      ],
      [
        0.32017602514,
        0.391490940097,
        0.288333034763
      ],
      [
        0.120267489639,
        0.795840826459,
        0.083891683902
      ]
    ],
    "p_matrix": [
      [
        0.999409993089,
        -0.000490859175,
        0.001080866086
      ],
      [
        -0.000471658144,
        0.999607601668,
        0.000864056477
      ],
      [
        0.545328688192,
        0.453688906565,
        0.000982405243
      ]
    ],
    "r": [
      -0.876272291779,
      1.0,
      -0.024191278448
    ],
    "s": [
      1.0,
      -0.803060897836,
      0.181166846808
    ]
  },
  {
    "n": 3,
    "k": 2,
    "a": 0.003,
    "eta": 0.004281574319320718,
    "defect": 0.00020614487393296626,
    "ratio_sqrt": 0.0031504369794449275,
    "ratio_linear": 0.04814698018967743,
    "rank": 2,
    "eig_cond": 1.9589193841897377,
    "trial": 25,
    "seed": 20260602,
    "p0_weights": [
      [
        0.546961758879,
        0.453038241121
      ]
    ],
    "stochastic_s": [
      [
        0.405656935874,
        0.520407868545,
        0.073935195581
      ],
      [
        0.663658296239,
        0.240155837908,
        0.096185865852
      ],
      [
        0.558714640512,
        0.121590611365,
        0.319694748123
      ]
    ],
    "p_matrix": [
      [
        0.9998785456,
        -0.000100396633,
        0.000221851033
      ],
      [
        -0.000158164246,
        0.999869258274,
        0.000288905972
      ],
      [
        0.54732118134,
        0.452426622535,
        0.000252196125
      ]
    ],
    "r": [
      -0.956521084422,
      1.0,
      -0.071115562436
    ],
    "s": [
      -0.742853105985,
      1.0,
      0.045858948455
    ]
  },
  {
    "n": 3,
    "k": 2,
    "a": 0.003,
    "eta": 0.00503750874353865,
    "defect": 0.0006220386043064677,
    "ratio_sqrt": 0.008764142529299322,
    "ratio_linear": 0.12348139446990027,
    "rank": 2,
    "eig_cond": 2.2872336346989286,
    "trial": 26,
    "seed": 20260602,
    "p0_weights": [
      [
        0.546961758879,
        0.453038241121
      ]
    ],
    "stochastic_s": [
      [
        0.567739396925,
        0.194998324495,
        0.23726227858
      ],
      [
        0.733083311706,
        0.066759200788,
        0.200157487506
      ],
      [
        0.121651879789,
        0.345368549087,
        0.532979571123
      ]
    ],
    "p_matrix": [
      [
        0.999611010408,
        -0.000323566949,
        0.00071255654
      ],
      [
        -0.000327955398,
        0.999727202142,
        0.000600753256
      ],
      [
        0.54554570947,
        0.45379250308,
        0.00066178745
      ]
    ],
    "r": [
      0.907219425698,
      -1.0,
      0.041164404243
    ],
    "s": [
      -1.0,
      0.976822117554,
      -0.102338882269
    ]
  },
  {
    "n": 3,
    "k": 2,
    "a": 0.003,
    "eta": 0.0022724344770650466,
    "defect": 0.0015166687952760658,
    "ratio_sqrt": 0.03181596253727375,
    "ratio_linear": 0.667420253733746,
    "rank": 2,
    "eig_cond": 2.2161824301756132,
    "trial": 27,
    "seed": 20260602,
    "p0_weights": [
      [
        0.546961758879,
        0.453038241121
      ]
    ],
    "stochastic_s": [
      [
        0.27319584887,
        0.090941082844,
        0.635863068286
      ],
      [
        0.139020975462,
        0.817972548311,
        0.043006476227
      ],
      [
        0.471119282203,
        0.440279208248,
        0.088601509549
      ]
    ],
    "p_matrix": [
      [
        0.998955779472,
        -0.000863795251,
        0.001908015779
      ],
      [
        -7.0076176e-05,
        0.999942031912,
        0.000128044264
      ],
      [
        0.546677659504,
        0.45222015188,
        0.001102188617
      ]
    ],
    "r": [
      1.0,
      -0.970687729822,
      0.107831958053
    ],
    "s": [
      0.826257454308,
      -1.0,
      -0.000524238421
    ]
  },
  {
    "n": 3,
    "k": 2,
    "a": 0.003,
    "eta": 0.0018815477230871211,
    "defect": 0.001042324696883648,
    "ratio_sqrt": 0.02402953733733713,
    "ratio_linear": 0.55397196897747,
    "rank": 2,
    "eig_cond": 2.046549981465782,
    "trial": 28,
    "seed": 20260602,
    "p0_weights": [
      [
        0.546961758879,
        0.453038241121
      ]
    ],
    "stochastic_s": [
      [
        0.616351947757,
        0.005947504912,
        0.377700547331
      ],
      [
        0.035820270391,
        0.821404188994,
        0.142775540615
      ],
      [
        0.147323307177,
        0.26731931973,
        0.585357373093
      ]
    ],
    "p_matrix": [
      [
        0.999379563511,
        -0.000514109399,
        0.001134545888
      ],
      [
        -0.000234323092,
        0.999805833947,
        0.000428489145
      ],
      [
        0.546413403185,
        0.452771994273,
        0.000814602542
      ]
    ],
    "r": [
      0.954249912403,
      -1.0,
      0.068698910159
    ],
    "s": [
      -1.0,
      0.979744312515,
      -0.10289643663
    ]
  },
  {
    "n": 3,
    "k": 2,
    "a": 0.003,
    "eta": 0.004638490688621472,
    "defect": 0.00060152059185474,
    "ratio_sqrt": 0.008832062924926398,
    "ratio_linear": 0.12968024131864925,
    "rank": 2,
    "eig_cond": 2.226012481781568,
    "trial": 29,
    "seed": 20260602,
    "p0_weights": [
      [
        0.546961758879,
        0.453038241121
      ]
    ],
    "stochastic_s": [
      [
        0.558241663955,
        0.208338928163,
        0.233419407882
      ],
      [
        0.698226581262,
        0.160233188453,
        0.141540230285
      ],
      [
        0.427966484042,
        0.476270524563,
        0.095762991395
      ]
    ],
    "p_matrix": [
      [
        0.999617472086,
        -0.000317789338,
        0.000700317251
      ],
      [
        -0.0002315187,
        0.999807663254,
        0.000423855446
      ],
      [
        0.545906889046,
        0.453518246294,
        0.00057486466
      ]
    ],
    "r": [
      1.0,
      -0.931080660734,
      0.123715940554
    ],
    "s": [
      -0.936699467502,
      1.0,
      -0.057865710933
    ]
  },
  {
    "n": 3,
    "k": 2,
    "a": 0.003,
    "eta": 0.004859196024123591,
    "defect": 0.00037153319565227363,
    "ratio_sqrt": 0.005329855237443254,
    "ratio_linear": 0.07645980812623909,
    "rank": 2,
    "eig_cond": 1.9616407136515417,
    "trial": 30,
    "seed": 20260602,
    "p0_weights": [
      [
        0.546961758879,
        0.453038241121
      ]
    ],
    "stochastic_s": [
      [
        0.299834143211,
        0.556097261357,
        0.144068595433
      ],
      [
        0.792193275875,
        0.16938114988,
        0.038425574245
      ],
      [
        0.128726303253,
        0.047049718174,
        0.824223978573
      ]
    ],
    "p_matrix": [
      [
        0.999762751286,
        -0.000196499039,
        0.000433747753
      ],
      [
        -6.2764766e-05,
        0.999948015666,
        0.0001147491
      ],
      [
        0.546815729114,
        0.452895037838,
        0.000289233048
      ]
    ],
    "r": [
      -0.999494109298,
      1.0,
      -0.093671155077
    ],
    "s": [
      -1.0,
      0.868106685172,
      -0.153698973908
    ]
  },
  {
    "n": 3,
    "k": 2,
    "a": 0.003,
    "eta": 0.004391074087566181,
    "defect": 0.0003560255390946668,
    "ratio_sqrt": 0.005372739330149945,
    "ratio_linear": 0.0810793742020416,
    "rank": 2,
    "eig_cond": 1.998455722361112,
    "trial": 31,
    "seed": 20260602,
    "p0_weights": [
      [
        0.546961758879,
        0.453038241121
      ]
    ],
    "stochastic_s": [
      [
        0.17513832419,
        0.660385463947,
        0.164476211864
      ],
      [
        0.461973239866,
        0.380794692995,
        0.157232067139
      ],
      [
        0.744284771895,
        0.032585735957,
        0.223129492147
      ]
    ],
    "p_matrix": [
      [
        0.999729333626,
        -0.000222902046,
        0.00049356842
      ],
      [
        -0.00025870032,
        0.999786952366,
        0.000471747954
      ],
      [
        0.548121471712,
        0.451394814279,
        0.000483714008
      ]
    ],
    "r": [
      -1.0,
      0.718118999497,
      -0.22407466736
    ],
    "s": [
      -1.0,
      0.996470715993,
      -0.098367339592
    ]
  },
  {
    "n": 3,
    "k": 2,
    "a": 0.003,
    "eta": 0.0038076988443388254,
    "defect": 0.00044441793910472905,
    "ratio_sqrt": 0.007202118868925055,
    "ratio_linear": 0.11671562202601095,
    "rank": 2,
    "eig_cond": 2.761019609258001,
    "trial": 32,
    "seed": 20260602,
    "p0_weights": [
      [
        0.546961758879,
        0.453038241121
      ]
    ],
    "stochastic_s": [
      [
        0.81568856206,
        0.002462308677,
        0.181849129263
      ],
      [
        0.523680495807,
        0.271008238436,
        0.205311265757
      ],
      [
        0.623658372267,
        0.068707052863,
        0.30763457487
      ]
    ],
    "p_matrix": [
      [
        0.999701507818,
        -0.000247225774,
        0.000545717956
      ],
      [
        -0.00033708834,
        0.999720807006,
        0.000616281334
      ],
      [
        0.546655546034,
        0.452766768791,
        0.000577685176
      ]
    ],
    "r": [
      0.863074781911,
      -1.0,
      0.019048851622
    ],
    "s": [
      0.839936653875,
      -1.0,
      0.006392954482
    ]
  },
  {
    "n": 3,
    "k": 2,
    "a": 0.003,
    "eta": 0.004712963314505371,
    "defect": 0.0008837109754860402,
    "ratio_sqrt": 0.012872509447546806,
    "ratio_linear": 0.18750644053735568,
    "rank": 2,
    "eig_cond": 2.175404167693768,
    "trial": 33,
    "seed": 20260602,
    "p0_weights": [
      [
        0.546961758879,
        0.453038241121
      ]
    ],
    "stochastic_s": [
      [
        0.178059358935,
        0.759492036934,
        0.062448604131
      ],
      [
        0.123782595122,
        0.428036919796,
        0.448180485081
      ],
      [
        0.44534230461,
        0.547331962452,
        0.007325732938
      ]
    ],
    "p_matrix": [
      [
        0.999899006304,
        -8.3482625e-05,
        0.000184476321
      ],
      [
        -0.000736280982,
        0.999391381132,
        0.001344899851
      ],
      [
        0.547073083331,
        0.452217304105,
        0.000709612564
      ]
    ],
    "r": [
      0.946209881937,
      -1.0,
      0.065475115449
    ],
    "s": [
      1.0,
      -0.681231763064,
      0.239178015692
    ]
  },
  {
    "n": 3,
    "k": 2,
    "a": 0.003,
    "eta": 0.0029381415786579918,
    "defect": 0.0005236953564451763,
    "ratio_sqrt": 0.009661451176416643,
    "ratio_linear": 0.17824034084987025,
    "rank": 2,
    "eig_cond": 2.0037036139840434,
    "trial": 34,
    "seed": 20260602,
    "p0_weights": [
      [
        0.546961758879,
        0.453038241121
      ]
    ],
    "stochastic_s": [
      [
        0.49806786455,
        0.481446647847,
        0.020485487603
      ],
      [
        0.202909781923,
        0.510940077662,
        0.286150140415
      ],
      [
        0.355211393903,
        0.258282957892,
        0.386505648205
      ]
    ],
    "p_matrix": [
      [
        0.999966982469,
        -2.7306235e-05,
        6.0323767e-05
      ],
      [
        -0.00047068222,
        0.999610735299,
        0.000859946921
      ],
      [
        0.547107557307,
        0.452470160461,
        0.000422282232
      ]
    ],
    "r": [
      0.654171567886,
      -1.0,
      -0.094607903132
    ],
    "s": [
      -1.0,
      0.904101768469,
      -0.138086796655
    ]
  },
  {
    "n": 3,
    "k": 2,
    "a": 0.003,
    "eta": 0.004335740799541447,
    "defect": 0.0006393991904877574,
    "ratio_sqrt": 0.009710473927121184,
    "ratio_linear": 0.14747172860411328,
    "rank": 2,
    "eig_cond": 2.0821926827744437,
    "trial": 35,
    "seed": 20260602,
    "p0_weights": [
      [
        0.546961758879,
        0.453038241121
      ]
    ],
    "stochastic_s": [
      [
        0.474429032996,
        0.287525121505,
        0.238045845498
      ],
      [
        0.528776750385,
        0.112108075396,
        0.35911517422
      ],
      [
        0.071328842951,
        0.225056709945,
        0.703614447104
      ]
    ],
    "p_matrix": [
      [
        0.999609586731,
        -0.00032417164,
        0.000714584909
      ],
      [
        -0.00058976757,
        0.99951029861,
        0.00107946896
      ],
      [
        0.545868875352,
        0.45325100999,
        0.000880114659
      ]
    ],
    "r": [
      -1.0,
      0.885222280709,
      -0.144768395342
    ],
    "s": [
      0.647685703216,
      -1.0,
      -0.099787367919
    ]
  },
  {
    "n": 3,
    "k": 2,
    "a": 0.003,
    "eta": 0.0032644426331046375,
    "defect": 0.0014937766467506915,
    "ratio_sqrt": 0.026144548426110838,
    "ratio_linear": 0.4575901048474055,
    "rank": 2,
    "eig_cond": 2.1667489027470177,
    "trial": 36,
