L=2: N=100 tau=1/100 Pi=1/10000 F=-97/10000 LP_total=-0.012150000000000001
L=3: N=100 tau=1/100 Pi=1/1000000 F=-9699/1000000 LP_total=-0.012049749999999998
L=4: N=100 tau=1/100 Pi=1/100000000 F=-959999/100000000 LP_total=-0.0119
L=5: N=100 tau=1/100 Pi=1/10000000000 F=-94999999/10000000000 LP_total=-0.011750000025
