[
  {
    "n": 3,
    "k": 2,
    "a": 0.1,
    "eta": 0.07668008795567141,
    "defect": 0.06344718510797516,
    "ratio_sqrt": 0.2291242507520251,
    "ratio_linear": 0.827427130034773,
    "rank": 2,
    "eig_cond": 2.166267083710277,
    "trial": 0,
    "seed": 20260602,
    "p0_weights": [
      [
        0.546961758879,
        0.453038241121
      ]
    ],
    "stochastic_s": [
      [
        0.279350721049,
        0.061174487947,
        0.659474791004
      ],
      [
        0.074908959964,
        0.794804811626,
        0.13028622841
      ],
      [
        0.330040739528,
        0.64536670486,
        0.024592555611
      ]
    ],
    "p_matrix": [
      [
        0.964740342236,
        -0.030084951063,
        0.065344608827
      ],
      [
        -0.006361661679,
        0.994571975668,
        0.011789686011
      ],
      [
        0.517640622926,
        0.441671694978,
        0.040687682096
      ]
    ],
    "r": [
      1.0,
      -0.99999999575,
      0.079191029248
    ],
    "s": [
      -0.999999869259,
      1.0,
      -0.079190956744
    ]
  },
  {
    "n": 3,
    "k": 2,
    "a": 0.03,
    "eta": 0.02349707026650212,
    "defect": 0.019306215909339883,
    "ratio_sqrt": 0.12594771738578237,
    "ratio_linear": 0.8216435364226322,
    "rank": 2,
    "eig_cond": 2.219276047243203,
    "trial": 0,
    "seed": 20260602,
    "p0_weights": [
      [
        0.546961758879,
        0.453038241121
      ]
    ],
    "stochastic_s": [
      [
        0.279350721049,
        0.061174487947,
        0.659474791004
      ],
      [
        0.074908959964,
        0.794804811626,
        0.13028622841
      ],
      [
        0.330040739528,
        0.64536670486,
        0.024592555611
      ]
    ],
    "p_matrix": [
      [
        0.98925505392,
        -0.00897887886,
        0.01972382494
      ],
      [
        -0.002066871277,
        0.998272845049,
        0.003794026227
      ],
      [
        0.53797547175,
        0.44955242722,
        0.01247210103
      ]
    ],
    "r": [
      1.0,
      -0.999996936022,
      0.0895411887
    ],
    "s": [
      1.0,
      -0.999999570521,
      0.089539989397
    ]
  },
  {
    "n": 3,
    "k": 2,
    "a": 0.01,
    "eta": 0.007879313315481728,
    "defect": 0.006464096431131376,
    "ratio_sqrt": 0.0728221742446938,
    "ratio_linear": 0.8203882968367748,
    "rank": 2,
    "eig_cond": 2.2361376038342295,
    "trial": 0,
    "seed": 20260602,
    "p0_weights": [
      [
        0.546961758879,
        0.453038241121
      ]
    ],
    "stochastic_s": [
      [
        0.279350721049,
        0.061174487947,
        0.659474791004
      ],
      [
        0.074908959964,
        0.794804811626,
        0.13028622841
      ],
      [
        0.330040739528,
        0.64536670486,
        0.024592555611
      ]
    ],
    "p_matrix": [
      [
        0.99640150764,
        -0.002989344298,
        0.006587836658
      ],
      [
        -0.000704657245,
        0.999414626208,
        0.001290031038
      ],
      [
        0.543947419394,
        0.451868714454,
        0.004183866152
      ]
    ],
    "r": [
      -0.999999969617,
      1.0,
      -0.092465551906
    ],
    "s": [
      1.0,
      -0.999999984675,
      0.092465575456
    ]
  },
  {
    "n": 3,
    "k": 2,
    "a": 0.003,
    "eta": 0.0023687244334425614,
    "defect": 0.0019423214482837254,
    "ratio_sqrt": 0.03990835584920582,
    "ratio_linear": 0.8199862427479048,
    "rank": 2,
    "eig_cond": 2.2422391976761866,
    "trial": 0,
    "seed": 20260602,
    "p0_weights": [
      [
        0.546961758879,
        0.453038241121
      ]
    ],
    "stochastic_s": [
      [
        0.279350721049,
        0.061174487947,
        0.659474791004
      ],
      [
        0.074908959964,
        0.794804811626,
        0.13028622841
      ],
      [
        0.330040739528,
        0.64536670486,
        0.024592555611
      ]
    ],
    "p_matrix": [
      [
        0.998918653361,
        -0.000896449455,
        0.001977796095
      ],
      [
        -0.000213066167,
        0.999823365568,
        0.000389700599
      ],
      [
        0.546055444554,
        0.452686574374,
        0.001257981072
      ]
    ],
    "r": [
      -1.0,
      0.999995957571,
      -0.093488306653
    ],
    "s": [
      1.0,
      -0.999999990276,
      0.093486478802
    ]
  },
  {
    "n": 3,
    "k": 2,
    "a": 0.1,
    "eta": 0.0676044682371224,
    "defect": 0.053132641815094694,
    "ratio_sqrt": 0.20434956121776354,
    "ratio_linear": 0.7859338768664249,
    "rank": 2,
    "eig_cond": 1.8136409314569106,
    "trial": 1,
    "seed": 20260602,
    "p0_weights": [
      [
        0.546961758879,
        0.453038241121
      ]
    ],
    "stochastic_s": [
      [
        0.454264626559,
        0.191028103129,
        0.354707270312
      ],
      [
        0.011425601119,
        0.435635464384,
        0.552938934497
      ],
      [
        0.087449015863,
        0.5967218119,
        0.315829172237
      ]
    ],
    "p_matrix": [
      [
        0.982118009524,
        -0.016376352508,
        0.034258342984
      ],
      [
        -0.028804810291,
        0.973620513449,
        0.055184296842
      ],
      [
        0.498871389458,
        0.456867133515,
        0.044261477027
      ]
    ],
    "r": [
      1.0,
      -0.999999985132,
      0.043949534027
    ],
    "s": [
      1.0,
      -0.999999996213,
      0.04394952873
    ]
  },
  {
    "n": 3,
    "k": 2,
    "a": 0.03,
    "eta": 0.020856812702673602,
    "defect": 0.016205966451961783,
    "ratio_sqrt": 0.11221501322265261,
    "ratio_linear": 0.7770106910862926,
    "rank": 2,
    "eig_cond": 1.9108191664156757,
    "trial": 1,
    "seed": 20260602,
    "p0_weights": [
      [
        0.546961758879,
        0.453038241121
      ]
    ],
    "stochastic_s": [
      [
        0.454264626559,
        0.191028103129,
        0.354707270312
      ],
      [
        0.011425601119,
        0.435635464384,
        0.552938934497
      ],
      [
        0.087449015863,
        0.5967218119,
        0.315829172237
      ]
    ],
    "p_matrix": [
      [
        0.994313287164,
        -0.004849143063,
        0.010535855899
      ],
      [
        -0.008948833632,
        0.992369198907,
        0.016579634725
      ],
      [
        0.532560431012,
        0.454122055059,
        0.01331751393
      ]
    ],
    "r": [
      -0.999999990076,
      1.0,
      -0.079497074059
    ],
    "s": [
      -0.999999501887,
      1.0,
      -0.07949681056
    ]
  },
  {
    "n": 3,
    "k": 2,
    "a": 0.01,
    "eta": 0.007007077780085222,
    "defect": 0.00542264273237216,
    "ratio_sqrt": 0.06478023557493937,
    "ratio_linear": 0.7738807677836579,
    "rank": 2,
    "eig_cond": 1.939725580456814,
    "trial": 1,
    "seed": 20260602,
    "p0_weights": [
      [
        0.546961758879,
        0.453038241121
      ]
    ],
    "stochastic_s": [
      [
        0.454264626559,
        0.191028103129,
        0.354707270312
      ],
      [
        0.011425601119,
        0.435635464384,
        0.552938934497
      ],
      [
        0.087449015863,
        0.5967218119,
        0.315829172237
      ]
    ],
    "p_matrix": [
      [
        0.998074637063,
        -0.001610116808,
        0.003535479745
      ],
      [
        -0.003010716357,
        0.997482238326,
        0.005528478031
      ],
      [
        0.542163566924,
        0.453393308466,
        0.004443124611
      ]
    ],
    "r": [
      1.0,
      -0.999999998536,
      0.089166436711
    ],
    "s": [
      -0.999999996102,
      1.0,
      -0.089166433921
    ]
  },
  {
    "n": 3,
    "k": 2,
    "a": 0.003,
    "eta": 0.002107878056340989,
    "defect": 0.0016285907406965137,
    "ratio_sqrt": 0.03547228947856827,
    "ratio_linear": 0.7726209473063838,
    "rank": 2,
    "eig_cond": 1.9499564227212742,
    "trial": 1,
    "seed": 20260602,
    "p0_weights": [
      [
        0.546961758879,
        0.453038241121
      ]
    ],
    "stochastic_s": [
      [
        0.454264626559,
        0.191028103129,
        0.354707270312
      ],
      [
        0.011425601119,
        0.435635464384,
        0.552938934497
      ],
      [
        0.087449015863,
        0.5967218119,
        0.315829172237
      ]
    ],
    "p_matrix": [
      [
        0.99941929053,
        -0.000482372516,
        0.001063081987
      ],
      [
        -0.000906085943,
        0.999247350045,
        0.001658735898
      ],
      [
        0.545522530909,
        0.453144109666,
        0.001333359425
      ]
    ],
    "r": [
      0.999999997832,
      -1.0,
      0.092501758152
    ],
    "s": [
      -1.0,
      0.999854632683,
      -0.092567719628
    ]
  },
  {
    "n": 3,
    "k": 2,
    "a": 0.1,
    "eta": 0.1579965096314924,
    "defect": 0.04496069671746396,
    "ratio_sqrt": 0.1131121574667468,
    "ratio_linear": 0.28456765799655515,
    "rank": 2,
    "eig_cond": 2.1648139926185026,
    "trial": 2,
    "seed": 20260602,
    "p0_weights": [
      [
        0.546961758879,
        0.453038241121
      ]
    ],
    "stochastic_s": [
      [
        0.438114300955,
        0.117427321348,
        0.444458377697
      ],
      [
        0.858415077969,
        0.095744185267,
        0.045840736764
      ],
      [
        0.147940801538,
        0.81465189933,
        0.037407299132
      ]
    ],
    "p_matrix": [
      [
        0.978364462146,
        -0.023459063708,
        0.045094601561
      ],
      [
        -0.000316055293,
        0.999657306358,
        0.000658748935
      ],
      [
        0.469236366694,
        0.508785401811,
        0.021978231495
      ]
    ],
    "r": [
      -1.0,
      0.999654202006,
      0.040257895493
    ],
    "s": [
      -0.999999994248,
      1.0,
      0.040437788902
    ]
  },
  {
    "n": 3,
    "k": 2,
    "a": 0.03,
    "eta": 0.05132619060191292,
    "defect": 0.013257894571439811,
    "ratio_sqrt": 0.05852009802592526,
    "ratio_linear": 0.2583066153159181,
    "rank": 2,
    "eig_cond": 2.2483462080489676,
    "trial": 2,
    "seed": 20260602,
    "p0_weights": [
      [
        0.546961758879,
        0.453038241121
      ]
    ],
    "stochastic_s": [
      [
        0.438114300955,
        0.117427321348,
        0.444458377697
      ],
      [
        0.858415077969,
        0.095744185267,
        0.045840736764
      ],
      [
        0.147940801538,
        0.81465189933,
        0.037407299132
      ]
    ],
    "p_matrix": [
      [
        0.992938592154,
        -0.006305456973,
        0.013366864819
      ],
      [
        -0.000550478824,
        0.999508452052,
        0.001042026772
      ],
      [
        0.524286991717,
        0.468160052489,
        0.007552955794
      ]
    ],
    "r": [
      -0.999999998886,
      1.0,
      -0.056554089179
    ],
    "s": [
      -0.999999785759,
      1.0,
      -0.056553976589
    ]
  },
  {
    "n": 3,
    "k": 2,
    "a": 0.01,
    "eta": 0.017482752839920002,
    "defect": 0.0043850413903279714,
    "ratio_sqrt": 0.03316414368710447,
    "ratio_linear": 0.2508209908633609,
    "rank": 2,
    "eig_cond": 2.2739715886028153,
    "trial": 2,
    "seed": 20260602,
    "p0_weights": [
      [
        0.546961758879,
        0.453038241121
      ]
    ],
    "stochastic_s": [
      [
        0.438114300955,
        0.117427321348,
        0.444458377697
      ],
      [
        0.858415077969,
        0.095744185267,
        0.045840736764
      ],
      [
        0.147940801538,
        0.81465189933,
        0.037407299132
      ]
    ],
    "p_matrix": [
      [
        0.997594502449,
        -0.002042064768,
        0.004447562319
      ],
      [
        -0.000228191712,
        0.999806284461,
        0.000421907251
      ],
      [
        0.539451721642,
        0.457949065269,
        0.00259921309
      ]
    ],
    "r": [
      1.0,
      -0.999999995183,
      0.081715053415
    ],
    "s": [
      1.0,
      -0.99999757611,
      0.081716164115
    ]
  },
  {
    "n": 3,
    "k": 2,
    "a": 0.003,
    "eta": 0.005284098229100682,
    "defect": 0.001311425869257294,
    "ratio_sqrt": 0.018040904399478797,
    "ratio_linear": 0.24818347661195728,
    "rank": 2,
    "eig_cond": 2.2831240310785237,
    "trial": 2,
    "seed": 20260602,
    "p0_weights": [
      [
        0.546961758879,
        0.453038241121
      ]
    ],
    "stochastic_s": [
      [
        0.438114300955,
        0.117427321348,
        0.444458377697
      ],
      [
        0.858415077969,
        0.095744185267,
        0.045840736764
      ],
      [
        0.147940801538,
        0.81465189933,
        0.037407299132
      ]
    ],
    "p_matrix": [
      [
        0.999272985247,
        -0.000606607164,
        0.001333621917
      ],
      [
        -7.3186934e-05,
        0.999938934226,
        0.000134252707
      ],
      [
        0.544713458506,
        0.454498460968,
        0.000788080526
      ]
    ],
    "r": [
      -0.999829432275,
      1.0,
      -0.090193166481
    ],
    "s": [
      -0.999999998403,
      1.0,
      -0.090286149425
    ]
  },
  {
    "n": 3,
    "k": 2,
    "a": 0.1,
    "eta": 0.10251691544717689,
    "defect": 0.06483982565245457,
    "ratio_sqrt": 0.2025088806422334,
    "ratio_linear": 0.6324792876338938,
    "rank": 2,
    "eig_cond": 2.1439632387512155,
    "trial": 3,
    "seed": 20260602,
    "p0_weights": [
      [
        0.546961758879,
        0.453038241121
      ]
    ],
    "stochastic_s": [
      [
        0.695510041413,
        0.126368740797,
        0.17812121779
      ],
      [
        0.198530809969,
        0.155451289113,
        0.646017900918
      ],
      [
        0.291839380854,
        0.490155494921,
        0.218005124225
      ]
    ],
    "p_matrix": [
      [
        0.991475750388,
        -0.007930597626,
        0.016454847239
      ],
      [
        -0.034200428794,
        0.968181382323,
        0.066019046471
      ],
      [
        0.497139646635,
        0.462517486075,
        0.04034286729
      ]
    ],
    "r": [
      1.0,
      -0.999999997836,
      0.036077636878
    ],
    "s": [
      -0.999979598196,
      1.0,
      -0.036067066909
    ]
  },
  {
    "n": 3,
    "k": 2,
    "a": 0.03,
    "eta": 0.03240539407778941,
    "defect": 0.019198864128995997,
    "ratio_sqrt": 0.10665147876555134,
    "ratio_linear": 0.5924588999877295,
    "rank": 2,
    "eig_cond": 2.2295378107578356,
    "trial": 3,
    "seed": 20260602,
    "p0_weights": [
      [
        0.546961758879,
        0.453038241121
      ]
    ],
    "stochastic_s": [
      [
        0.695510041413,
        0.126368740797,
        0.17812121779
      ],
      [
        0.198530809969,
        0.155451289113,
        0.646017900918
      ],
      [
        0.291839380854,
        0.490155494921,
        0.218005124225
      ]
    ],
    "p_matrix": [
      [
        0.997184724277,
        -0.002411392809,
        0.005226668533
      ],
      [
        -0.010509732837,
        0.990998006348,
        0.019511726489
      ],
      [
        0.532271529069,
        0.455911201555,
        0.011817269375
      ]
    ],
    "r": [
      -0.999995915255,
      1.0,
      -0.077271288957
    ],
    "s": [
      -0.999999997602,
      1.0,
      -0.077273487859
    ]
  },
  {
    "n": 3,
    "k": 2,
    "a": 0.01,
    "eta": 0.010958971306276068,
    "defect": 0.006364902220086882,
    "ratio_sqrt": 0.06080045668194971,
    "ratio_linear": 0.5807937663311319,
    "rank": 2,
    "eig_cond": 2.2544505252344105,
    "trial": 3,
    "seed": 20260602,
    "p0_weights": [
      [
        0.546961758879,
        0.453038241121
      ]
    ],
    "stochastic_s": [
      [
        0.695510041413,
        0.126368740797,
        0.17812121779
      ],
      [
        0.198530809969,
        0.155451289113,
        0.646017900918
      ],
      [
        0.291839380854,
        0.490155494921,
        0.218005124225
      ]
    ],
    "p_matrix": [
      [
        0.999037614774,
        -0.000805992627,
        0.001768377853
      ],
      [
        -0.003523734506,
        0.997048890659,
        0.006474843847
      ],
      [
        0.542089426897,
        0.453997078535,
        0.003913494567
      ]
    ],
    "r": [
      1.0,
      -0.999999992448,
      0.088438455205
    ],
    "s": [
      -0.999937163436,
      1.0,
      -0.088404254896
    ]
  },
  {
    "n": 3,
    "k": 2,
    "a": 0.003,
    "eta": 0.003304194586319182,
    "defect": 0.0019057129906000915,
    "ratio_sqrt": 0.033153141464438686,
    "ratio_linear": 0.5767556785216528,
    "rank": 2,
    "eig_cond": 2.263217533030225,
    "trial": 3,
    "seed": 20260602,
    "p0_weights": [
      [
        0.546961758879,
        0.453038241121
      ]
    ],
    "stochastic_s": [
      [
        0.695510041413,
        0.126368740797,
        0.17812121779
      ],
      [
        0.198530809969,
        0.155451289113,
        0.646017900918
      ],
      [
        0.291839380854,
        0.490155494921,
        0.218005124225
      ]
    ],
    "p_matrix": [
      [
        0.999708789435,
        -0.000242003077,
        0.000533213641
      ],
      [
        -0.001059175459,
        0.999119799378,
        0.00193937608
      ],
      [
        0.545502617884,
        0.45332597093,
        0.001171411186
      ]
    ],
    "r": [
      1.0,
      -0.999999816044,
      0.092284833833
    ],
    "s": [
      -0.999999995539,
      1.0,
      -0.092284747906
    ]
  },
  {
    "n": 3,
    "k": 2,
    "a": 0.1,
    "eta": 0.10768752286803776,
    "defect": 0.054127127033267025,
    "ratio_sqrt": 0.1649423898083343,
    "ratio_linear": 0.5026313689060838,
    "rank": 2,
    "eig_cond": 1.9606457968250435,
    "trial": 4,
    "seed": 20260602,
    "p0_weights": [
      [
        0.546961758879,
        0.453038241121
      ]
    ],
    "stochastic_s": [
      [
        0.424896656484,
        0.012326565216,
        0.5627767783
      ],
      [
        0.288676868051,
        0.125993570525,
        0.585329561425
      ],
      [
        0.059036751151,
        0.589985703535,
        0.350977545314
      ]
    ],
    "p_matrix": [
      [
        0.972431024089,
        -0.027411726568,
        0.054980702479
      ],
      [
        -0.028778721096,
        0.971385428453,
        0.057393292643
      ],
      [
        0.473257922714,
        0.470558529829,
        0.056183547458
      ]
    ],
    "r": [
      0.997969610608,
      -1.0,
      0.001841984227
    ],
    "s": [
      -0.999999990615,
      1.0,
      -0.002860077758
    ]
  },
  {
    "n": 3,
    "k": 2,
    "a": 0.03,
    "eta": 0.035262726746752064,
    "defect": 0.017006060273503914,
    "ratio_sqrt": 0.09056195058951803,
    "ratio_linear": 0.48226730722320804,
    "rank": 2,
    "eig_cond": 2.1173602725811533,
    "trial": 4,
    "seed": 20260602,
    "p0_weights": [
      [
        0.546961758879,
        0.453038241121
      ]
    ],
    "stochastic_s": [
      [
        0.424896656484,
        0.012326565216,
        0.5627767783
      ],
      [
        0.288676868051,
        0.125993570525,
        0.585329561425
      ],
      [
        0.059036751151,
        0.589985703535,
        0.350977545314
      ]
    ],
    "p_matrix": [
      [
        0.991048086732,
        -0.007813888351,
        0.01676580162
      ],
      [
        -0.009320391648,
        0.991864476616,
        0.017455915031
      ],
      [
        0.524815229059,
        0.458097334289,
        0.017087436652
      ]
    ],
    "r": [
      -0.999999993046,
      1.0,
      -0.067877747836
    ],
    "s": [
      1.0,
      -0.999987702645,
      0.067883482869
    ]
  },
  {
    "n": 3,
    "k": 2,
    "a": 0.01,
    "eta": 0.01203581080952126,
    "defect": 0.0057246716214657154,
    "ratio_sqrt": 0.05218106077373284,
    "ratio_linear": 0.47563655760832135,
    "rank": 2,
    "eig_cond": 2.164022364307107,
    "trial": 4,
    "seed": 20260602,
    "p0_weights": [
      [
        0.546961758879,
        0.453038241121
      ]
    ],
    "stochastic_s": [
      [
        0.424896656484,
        0.012326565216,
        0.5627767783
      ],
      [
        0.288676868051,
        0.125993570525,
        0.585329561425
      ],
      [
        0.059036751151,
        0.589985703535,
        0.350977545314
      ]
    ],
    "p_matrix": [
      [
        0.996953034614,
        -0.002567719201,
        0.005614684587
      ],
      [
        -0.003170159938,
        0.997328463073,
        0.005841696865
      ],
      [
        0.539574620818,
        0.454706876869,
        0.005718502313
      ]
    ],
    "r": [
      0.99999999335,
      -1.0,
      0.085355847975
    ],
    "s": [
      0.999999497304,
      -1.0,
      0.085355578782
    ]
  },
  {
    "n": 3,
    "k": 2,
    "a": 0.003,
    "eta": 0.003640307941719734,
    "defect": 0.0017228459356631238,
    "ratio_sqrt": 0.02855468549325134,
    "ratio_linear": 0.4732692846993671,
    "rank": 2,
    "eig_cond": 2.18055163705201,
    "trial": 4,
    "seed": 20260602,
    "p0_weights": [
      [
        0.546961758879,
        0.453038241121
      ]
    ],
    "stochastic_s": [
      [
        0.424896656484,
        0.012326565216,
        0.5627767783
      ],
      [
        0.288676868051,
        0.125993570525,
        0.585329561425
      ],
      [
        0.059036751151,
        0.589985703535,
        0.350977545314
      ]
    ],
    "p_matrix": [
      [
        0.999079350696,
        -0.000766502653,
        0.001687151957
      ],
      [
        -0.000957641865,
        0.999202698544,
        0.001754943321
      ],
      [
        0.544745048026,
        0.453537001214,
        0.00171795076
      ]
    ],
    "r": [
      -0.99998940299,
      1.0,
      -0.091359224793
    ],
    "s": [
      -1.0,
      0.999999148454,
      -0.091365394268
    ]
  },
  {
    "n": 3,
    "k": 2,
    "a": 0.1,
    "eta": 0.08969111424661362,
    "defect": 0.07995201353694027,
    "ratio_sqrt": 0.2669652264023861,
    "ratio_linear": 0.8914150995727979,
    "rank": 2,
    "eig_cond": 2.1593251672284235,
    "trial": 5,
    "seed": 20260602,
    "p0_weights": [
      [
        0.546961758879,
        0.453038241121
      ]
    ],
    "stochastic_s": [
      [
        0.066408831766,
        0.069487533588,
        0.864103634645
      ],
      [
        0.007241118062,
        0.704297160206,
        0.288461721732
      ],
      [
        0.410371431736,
        0.407188506028,
        0.182440062237
      ]
    ],
    "p_matrix": [
      [
        0.952077109779,
        -0.037455423086,
        0.085378313306
      ],
      [
        -0.014991003625,
        0.988283378138,
        0.026707625487
      ],
      [
        0.527824815053,
        0.412535672864,
        0.059639512083
      ]
    ],
    "r": [
      1.0,
      -0.999999998252,
      0.122601007158
    ],
    "s": [
      0.999991156354,
      -1.0,
      0.122596042448
    ]
  },
  {
    "n": 3,
    "k": 2,
    "a": 0.03,
    "eta": 0.027432500305926092,
    "defect": 0.025033434214842457,
    "ratio_sqrt": 0.15114289486687824,
    "ratio_linear": 0.9125465756190886,
    "rank": 2,
    "eig_cond": 2.2605596444514777,
    "trial": 5,
    "seed": 20260602,
    "p0_weights": [
      [
        0.546961758879,
        0.453038241121
      ]
    ],
    "stochastic_s": [
      [
        0.066408831766,
        0.069487533588,
        0.864103634645
      ],
      [
        0.007241118062,
        0.704297160206,
        0.288461721732
      ],
      [
        0.410371431736,
        0.407188506028,
        0.182440062237
      ]
    ],
    "p_matrix": [
      [
        0.985760523557,
        -0.011593905599,
        0.025833382043
      ],
      [
        -0.004663062999,
        0.996203293539,
        0.00845976946
      ],
      [
        0.541262875245,
        0.440700941851,
        0.018036182904
      ]
    ],
    "r": [
      1.0,
      -0.999999995438,
      0.102409002913
    ],
    "s": [
      -1.0,
      0.999997950428,
      -0.102409920704
    ]
  },
  {
    "n": 3,
    "k": 2,
    "a": 0.01,
    "eta": 0.009194182581207898,
    "defect": 0.008441310292686346,
    "ratio_sqrt": 0.08803458125006985,
    "ratio_linear": 0.9181142769493879,
    "rank": 2,
    "eig_cond": 2.2915684621118917,
    "trial": 5,
    "seed": 20260602,
    "p0_weights": [
      [
        0.546961758879,
        0.453038241121
      ]
    ],
    "stochastic_s": [
      [
        0.066408831766,
        0.069487533588,
        0.864103634645
      ],
      [
        0.007241118062,
        0.704297160206,
        0.288461721732
      ],
      [
        0.410371431736,
        0.407188506028,
        0.182440062237
      ]
    ],
    "p_matrix": [
      [
        0.995266929113,
        -0.003898087683,
        0.00863115857
      ],
      [
        -0.001569985416,
        0.998706983065,
        0.002863002351
      ],
      [
        0.545065757722,
        0.448908154456,
        0.006026087822
      ]
    ],
    "r": [
      -0.999999567707,
      1.0,
      -0.096740333383
    ],
    "s": [
      1.0,
      -0.999999994385,
      0.096740572976
    ]
  },
  {
    "n": 3,
    "k": 2,
    "a": 0.003,
    "eta": 0.0027635064346817097,
    "defect": 0.0025292161948010316,
    "ratio_sqrt": 0.048112255147632614,
    "ratio_linear": 0.9152199405290464,
    "rank": 2,
    "eig_cond": 2.3026588270919164,
    "trial": 5,
    "seed": 20260602,
    "p0_weights": [
      [
        0.546961758879,
        0.453038241121
      ]
    ],
    "stochastic_s": [
      [
        0.066408831766,
        0.069487533588,
        0.864103634645
      ],
      [
        0.007241118062,
        0.704297160206,
        0.288461721732
      ],
      [
        0.410371431736,
        0.407188506028,
        0.182440062237
      ]
    ],
    "p_matrix": [
      [
        0.998581496317,
        -0.001172921034,
        0.002591424717
      ],
      [
        -0.000472632037,
        0.999609193783,
        0.000863438254
      ],
      [
        0.546393326084,
        0.451797364016,
        0.0018093099
      ]
    ],
    "r": [
      -0.994779804177,
      1.0,
      -0.091909975538
    ],
    "s": [
      1.0,
      -0.99999999788,
      0.094767426669
    ]
  },
  {
    "n": 3,
    "k": 2,
    "a": 0.1,
    "eta": 0.13654705503948963,
    "defect": 0.03488486367283327,
    "ratio_sqrt": 0.09440518793501144,
    "ratio_linear": 0.25547869679609353,
    "rank": 2,
    "eig_cond": 2.0227378051441485,
    "trial": 6,
    "seed": 20260602,
    "p0_weights": [
      [
        0.546961758879,
        0.453038241121
      ]
    ],
    "stochastic_s": [
      [
        0.078555398954,
        0.648028024144,
        0.273416576902
      ],
      [
        0.200974414048,
        0.439362444775,
        0.359663141177
      ],
      [
        0.226249438398,
        0.05116438246,
        0.722586179142
      ]
    ],
    "p_matrix": [
      [
        0.983803840525,
        -0.011510006896,
        0.027706166372
      ],
      [
        -0.022188327662,
        0.984231582506,
        0.037956745157
      ],
      [
        0.565883272298,
        0.402152150733,
        0.03196457697
      ]
    ],
    "r": [
      -0.999999978806,
      1.0,
      -0.16913751881
    ],
    "s": [
      0.999997019528,
      -1.0,
      0.169135788909
    ]
  },
  {
    "n": 3,
    "k": 2,
    "a": 0.03,
    "eta": 0.04470887490152896,
    "defect": 0.010590665409014738,
    "ratio_sqrt": 0.0500871565058738,
    "ratio_linear": 0.2368806066433257,
    "rank": 2,
    "eig_cond": 2.1028125574319008,
    "trial": 6,
    "seed": 20260602,
    "p0_weights": [
      [
        0.546961758879,
        0.453038241121
      ]
    ],
    "stochastic_s": [
      [
        0.078555398954,
        0.648028024144,
        0.273416576902
      ],
      [
        0.200974414048,
        0.439362444775,
        0.359663141177
      ],
      [
        0.226249438398,
        0.05116438246,
        0.722586179142
      ]
    ],
    "p_matrix": [
      [
        0.995410097521,
        -0.003651522747,
        0.008241425226
      ],
      [
        -0.006102672414,
        0.995144984617,
        0.010957687797
      ],
      [
        0.551670506269,
        0.43888457587,
        0.009444917862
      ]
    ],
    "r": [
      0.999995665365,
      -1.0,
      0.113858927325
    ],
    "s": [
      1.0,
      -0.999999996924,
      0.113861342779
    ]
  },
  {
    "n": 3,
    "k": 2,
    "a": 0.01,
    "eta": 0.0152596019566698,
    "defect": 0.003527399696891626,
    "ratio_sqrt": 0.02855505957691288,
    "ratio_linear": 0.23115935179094493,
    "rank": 2,
    "eig_cond": 2.12538584796874,
    "trial": 6,
    "seed": 20260602,
    "p0_weights": [
      [
        0.546961758879,
        0.453038241121
      ]
    ],
    "stochastic_s": [
      [
        0.078555398954,
        0.648028024144,
        0.273416576902
      ],
      [
        0.200974414048,
        0.439362444775,
        0.359663141177
      ],
      [
        0.226249438398,
        0.05116438246,
        0.722586179142
      ]
    ],
    "p_matrix": [
      [
        0.998493256203,
        -0.001231904147,
        0.002738647943
      ],
      [
        -0.001988872208,
        0.99837391073,
        0.003614961478
      ],
      [
        0.54845436542,
        0.448412801513,
        0.003132833067
      ]
    ],
    "r": [
      1.0,
      -0.998379604539,
      0.101084851942
    ],
    "s": [
      1.0,
      -0.999999993192,
      0.100355965446
    ]
  },
  {
    "n": 3,
    "k": 2,
    "a": 0.003,
    "eta": 0.004615328170897689,
    "defect": 0.0010598414729105434,
    "ratio_sqrt": 0.015600539469710996,
    "ratio_linear": 0.22963512748529047,
    "rank": 2,
    "eig_cond": 2.133249718110813,
    "trial": 6,
    "seed": 20260602,
    "p0_weights": [
      [
        0.546961758879,
        0.453038241121
      ]
    ],
    "stochastic_s": [
      [
        0.078555398954,
        0.648028024144,
        0.273416576902
      ],
      [
        0.200974414048,
        0.439362444775,
        0.359663141177
      ],
      [
        0.226249438398,
        0.05116438246,
        0.722586179142
      ]
    ],
    "p_matrix": [
      [
        0.999550348557,
        -0.000371006327,
        0.00082065777
      ],
      [
        -0.000592094151,
        0.999511464536,
        0.001080629615
      ],
      [
        0.547401855464,
        0.451659957629,
        0.000938186907
      ]
    ],
    "r": [
      1.0,
      -0.999823916981,
      0.095911410313
    ],
    "s": [
      1.0,
      -0.999999994311,
      0.095831808553
    ]
  },
  {
    "n": 3,
    "k": 2,
    "a": 0.1,
    "eta": 0.12073640790294574,
    "defect": 0.02975558809478971,
    "ratio_sqrt": 0.08563462746762145,
    "ratio_linear": 0.24645083129116127,
    "rank": 2,
    "eig_cond": 1.8709093595640827,
    "trial": 7,
    "seed": 20260602,
    "p0_weights": [
      [
        0.546961758879,
        0.453038241121
      ]
    ],
    "stochastic_s": [
      [
        0.134862326346,
        0.543143429561,
        0.321994244093
      ],
      [
        0.400470810799,
        0.294481480296,
        0.305047708904
      ],
      [
        0.380697687198,
        0.452170620364,
        0.167131692438
      ]
    ],
    "p_matrix": [
      [
        0.982411871086,
        -0.014273090864,
        0.031861219777
      ],
      [
        -0.016535957,
        0.986580766042,
        0.029955190958
      ],
      [
        0.534906307337,
        0.434086329791,
        0.031007362872
      ]
    ],
    "r": [
      1.0,
      -0.984912561016,
      0.110804999384
    ],
    "s": [
      -0.999159830697,
      1.0,
      -0.103582382198
    ]
  },
  {
    "n": 3,
    "k": 2,
    "a": 0.03,
    "eta": 0.039805080404610414,
    "defect": 0.009362352408507817,
    "ratio_sqrt": 0.04692623721156559,
    "ratio_linear": 0.2352049616114687,
    "rank": 2,
    "eig_cond": 1.9410832039293386,
    "trial": 7,
    "seed": 20260602,
    "p0_weights": [
      [
        0.546961758879,
        0.453038241121
      ]
    ],
    "stochastic_s": [
      [
        0.134862326346,
        0.543143429561,
        0.321994244093
      ],
      [
        0.400470810799,
        0.294481480296,
        0.305047708904
      ],
      [
        0.380697687198,
        0.452170620364,
        0.167131692438
      ]
    ],
    "p_matrix": [
      [
        0.994720313689,
        -0.004348483915,
        0.009628170226
      ],
      [
        -0.004991307878,
        0.995889031896,
        0.009102275982
      ],
      [
        0.543208779922,
        0.447400565663,
        0.009390654415
      ]
    ],
    "r": [
      1.0,
      -0.999999992246,
      0.096716448473
    ],
    "s": [
      0.99999493694,
      -1.0,
      0.0967136686
    ]
  },
  {
    "n": 3,
    "k": 2,
    "a": 0.01,
    "eta": 0.013609708519034688,
    "defect": 0.0031491261699278347,
    "ratio_sqrt": 0.0269939008918811,
    "ratio_linear": 0.23138821566409246,
    "rank": 2,
    "eig_cond": 1.9616589064392769,
    "trial": 7,
    "seed": 20260602,
    "p0_weights": [
      [
        0.546961758879,
        0.453038241121
      ]
    ],
    "stochastic_s": [
      [
        0.134862326346,
        0.543143429561,
        0.321994244093
      ],
      [
        0.400470810799,
        0.294481480296,
        0.305047708904
      ],
      [
        0.380697687198,
        0.452170620364,
        0.167131692438
      ]
    ],
    "p_matrix": [
      [
        0.998239294806,
        -0.001455683447,
        0.003216388641
      ],
      [
        -0.001666896545,
        0.998621873943,
        0.003045022602
      ],
      [
        0.545698556298,
        0.451162612451,
        0.003138831252
      ]
    ],
    "r": [
      1.0,
      -0.999999993051,
      0.094833613693
    ],
    "s": [
      -0.999999998366,
      1.0,
      -0.094833609653
    ]
  },
  {
    "n": 3,
    "k": 2,
    "a": 0.003,
    "eta": 0.00411875413604762,
    "defect": 0.0009477246850320284,
    "ratio_sqrt": 0.014767237465996164,
    "ratio_linear": 0.2300998442071297,
    "rank": 2,
    "eig_cond": 1.968915660321447,
    "trial": 7,
    "seed": 20260602,
    "p0_weights": [
      [
        0.546961758879,
        0.453038241121
      ]
    ],
    "stochastic_s": [
      [
        0.134862326346,
        0.543143429561,
        0.321994244093
      ],
      [
        0.400470810799,
        0.294481480296,
        0.305047708904
      ],
      [
        0.380697687198,
        0.452170620364,
        0.167131692438
      ]
    ],
    "p_matrix": [
      [
        0.999471689143,
        -0.000437350908,
        0.000965661765
      ],
      [
        -0.000500403791,
        0.999585751363,
        0.000914652429
      ],
      [
        0.546581537694,
        0.452475902811,
        0.000942559494
      ]
    ],
    "r": [
      0.999994723655,
      -1.0,
      0.094191532053
    ],
    "s": [
      1.0,
      -0.999999936067,
      0.094194447682
    ]
  },
  {
    "n": 3,
    "k": 2,
    "a": 0.1,
    "eta": 0.15283136458236696,
    "defect": 0.004364053132227785,
    "ratio_sqrt": 0.011163073495717723,
    "ratio_linear": 0.028554695851556185,
    "rank": 2,
    "eig_cond": 2.250780359820267,
    "trial": 8,
    "seed": 20260602,
    "p0_weights": [
      [
        0.14073975473,
        0.85926024527
      ]
    ],
    "stochastic_s": [
      [
        0.087967504416,
        0.383685391676,
        0.528347103908
      ],
      [
        0.671785820299,
        0.153412386343,
        0.174801793358
      ],
      [
        0.027378287856,
        0.744931118284,
        0.227690593859
      ]
    ],
    "p_matrix": [
      [
        0.995798076854,
        -0.052450682613,
        0.056652605759
      ],
      [
        -0.001086040444,
        0.986443454423,
        0.014642586021
      ],
      [
        0.072852843568,
        0.909388687709,
        0.017758468723
      ]
    ],
    "r": [
      1.0,
      -0.999998430854,
      -0.851658569241
    ],
    "s": [
      -1.0,
      0.999999998345,
      0.851660020471
    ]
  },
  {
    "n": 3,
    "k": 2,
    "a": 0.03,
    "eta": 0.04893709107065662,
    "defect": 0.0029986561646474195,
    "ratio_sqrt": 0.013555252002712636,
    "ratio_linear": 0.06127573378478674,
    "rank": 2,
    "eig_cond": 2.213609075311998,
    "trial": 8,
    "seed": 20260602,
    "p0_weights": [
      [
        0.14073975473,
        0.85926024527
      ]
    ],
    "stochastic_s": [
      [
        0.087967504416,
        0.383685391676,
        0.528347103908
      ],
      [
        0.671785820299,
        0.153412386343,
        0.174801793358
      ],
      [
        0.027378287856,
        0.744931118284,
        0.227690593859
      ]
    ],
    "p_matrix": [
      [
        0.998013985955,
        -0.014151591116,
        0.016137605161
      ],
      [
        -0.000617073472,
        0.995602965907,
        0.005014107565
      ],
      [
        0.122281912467,
        0.871335039395,
        0.006383048138
      ]
    ],
    "r": [
      0.999999996553,
      -1.0,
      -0.753865084473
    ],
    "s": [
      -1.0,
      0.993776113985,
      0.748407155865
    ]
  },
  {
    "n": 3,
    "k": 2,
    "a": 0.01,
    "eta": 0.016606428613642355,
    "defect": 0.0011142599148433847,
    "ratio_sqrt": 0.00864666007063859,
    "ratio_linear": 0.06709810644824671,
    "rank": 2,
    "eig_cond": 2.211296503197022,
    "trial": 8,
    "seed": 20260602,
    "p0_weights": [
      [
        0.14073975473,
        0.85926024527
      ]
    ],
    "stochastic_s": [
      [
        0.087967504416,
        0.383685391676,
        0.528347103908
      ],
      [
        0.671785820299,
        0.153412386343,
        0.174801793358
      ],
      [
        0.027378287856,
        0.744931118284,
        0.227690593859
      ]
    ],
    "p_matrix": [
      [
        0.999282438903,
        -0.004596370889,
        0.005313931986
      ],
      [
        -0.000232681901,
        0.998509545289,
        0.001723136612
      ],
      [
        0.134735768666,
        0.863056215526,
        0.002208015808
      ]
    ],
    "r": [
      -0.999999992149,
      1.0,
      0.729932149643
    ],
    "s": [
      -1.0,
      0.959380285173,
      0.69479747331
    ]
  },
  {
    "n": 3,
    "k": 2,
    "a": 0.003,
    "eta": 0.005012805401052165,
    "defect": 0.0003641061857423416,
    "ratio_sqrt": 0.005142657891560739,
    "ratio_linear": 0.07263521254304374,
    "rank": 2,
    "eig_cond": 2.211176329298292,
    "trial": 8,
    "seed": 20260602,
    "p0_weights": [
      [
        0.14073975473,
        0.85926024527
      ]
    ],
    "stochastic_s": [
      [
        0.087967504416,
        0.383685391676,
        0.528347103908
      ],
      [
        0.671785820299,
        0.153412386343,
        0.174801793358
      ],
      [
        0.027378287856,
        0.744931118284,
        0.227690593859
      ]
    ],
    "p_matrix": [
      [
        0.999779230286,
        -0.001366969979,
        0.001587739693
      ],
      [
        -7.2608165e-05,
        0.999550422111,
        0.000522186054
      ],
      [
        0.138953332474,
        0.860376319922,
        0.000670347603
      ]
    ],
    "r": [
      -1.0,
      0.999866054958,
      0.721791595572
    ],
    "s": [
      1.0,
      -0.999999984757,
      -0.721906902895
    ]
  },
  {
    "n": 3,
    "k": 2,
    "a": 0.1,
    "eta": 0.1603604288154428,
    "defect": 0.013233139044068275,
    "ratio_sqrt": 0.03304564791147754,
    "ratio_linear": 0.08252122510409449,
    "rank": 2,
    "eig_cond": 2.443891647248506,
    "trial": 9,
    "seed": 20260602,
    "p0_weights": [
      [
        0.14073975473,
        0.85926024527
      ]
    ],
    "stochastic_s": [
      [
